E0 04 03 00 00 01 18
D8 0D 00 28
D8 0D 00 1B
D8 09 00 1F
E0 01 00 1F
E0 0D 00 13
E0 04 03 10 00 01 08
E0 04 03 20 00 01 08
E0 04 03 20 00 01 F8
E0 04 03 00 10 01 08
E0 04 03 01 00 01 17
E0 04 03 11 00 01 07
E0 04 03 12 00 01 06
E0 04 03 30 00 01 E8
E0 04 03 11 11 01 F6
E0 04 03 02 00 01 16
E0 04 03 03 00 01 15
E0 04 03 00 30 01 E8
E0 04 03 33 33 01 B2
E0 04 03 32 32 01 B4
E0 04 03 22 22 01 D4
E0 04 03 22 00 01 F6
E0 04 03 04 00 01 14
E0 04 03 05 00 01 13
E0 04 03 07 00 01 11
E0 04 03 06 00 01 12
E0 04 03 35 00 01 E3
E0 04 03 53 00 01 C5
E0 04 03 52 00 01 C6
E0 04 03 25 00 01 F3
E0 04 03 00 01 01 17
80 03 00 7D
D8 03 00 7D
80 02 00 7E
80 02 06 00 00 00 11 03 15 4F
80 09 00 77
80 0B 01 01 74
80 0B 01 01 73
80 0B 01 00 74
80 0B 01 03 71
80 0B 01 04 70
80 0B 01 09 6B
80 0B 01 10 64
8D 0E 02 00 00 63
D8 0E 02 00 00 18
D8 0E 02 01 00 17
D8 0E 02 04 00 14
D8 0E 02 08 00 10
D8 0E 02 08 1F F1
D8 0E 02 08 19 F7
D8 0E 02 00 19 FF
D8 0E 02 02 FF 17
D8 0F 00 19
